clusts = [ 0
1
1
1
1
2
2
1
2
1
1
2
2
2
2
2
2
2
2
2
2
2
2
2
2
];
criteria = {'crit1' 'crit2' 'crit3' 'crit4' 'crit5' 'crit6' };