clusts = [ 0
1
1
1
1
4
4
2
2
1
2
2
2
2
2
2
2
3
2
3
4
3
3
3
3
4
4
3
3
3
3
3
5
3
4
4
4
4
4
4
5
4
4
4
4
5
4
4
4
5
5
4
4
5
4
4
4
4
4
5
4
5
5
5
5
5
5
5
5
5
5
5
5
5
5
5
5
5
5
5
5
5
5
5
5
5
5
5
5
5
5
5
5
5
5
5
5
5
5
5
];
criteria = {'crit1' 'crit2' 'crit3' 'crit4' 'crit5' 'crit6' };