clusts = [ 0
1
1
1
1
2
3
1
3
1
3
3
3
3
3
3
3
3
3
3
];
criteria = {'crit1' 'crit1' 'crit3' 'crit4' 'crit5' 'crit6' };
