clusts = [ 0
1
1
1
1
1
2
1
2
1
2
2
2
2
2
];
criteria = {'1' '2' '3' '4' '5' '6' };