clusts = [ 1
2
2
2
2
0
3
2
3
2
3
3
3
3
3
3
3
3
3
3
];
criteria = {'crit1' 'crit2' 'crit3' 'crit4' 'crit5' 'crit6' };