clusts = [ 0
1
2
1
2
5
5
2
4
1
2
2
3
2
3
3
3
3
4
3
4
3
4
4
3
3
4
4
4
4
4
5
7
5
4
4
5
4
5
5
6
6
5
5
6
6
6
6
5
6
5
6
6
6
5
6
6
5
6
6
6
7
6
5
6
7
7
7
7
7
7
6
6
7
6
7
7
6
7
7
6
7
6
7
7
7
7
7
7
7
7
7
7
7
7
7
7
7
7
7
];
criteria = {'crit1' 'crit2' 'crit3' 'crit4' 'crit5' 'crit6' };